98
100
100
100
100
47
47
39
98
98
84
98
80
94
94
94
94
0
98
25
0
0
0
0
0
71
71
100
71
88
88
88
10
0
0
0
0
84
61
67
58
67
58
61
58
58
58
61
36
15
0
0
0
66
78
55
55
51
51
45
22
51
78
51
57
78
72
80
46
46
55
55
78
78
64
62
57
66
73
32
47
72
68
63
55
91
90
34
34
82
51
3
38
38
7
3
5
15
94
96
96
18
18
18
8
8
8
94
96
18
18
18
94
18
18
18
18
18
94
94
18
94
18
94
94
96
96
94
96
94
96
94
50
50
94
94
18
18
18
94
96
94
18
25
30
30
44
44
15
20
28
28
9
13
0
0
0
0
1
8
0
11
28
55
0
0
0
0
0
0
0
32
7
18
1
18
18
18
0
0
0
0
0
14
0
94
0
0
18
7
0
0
0
0
0
0
0
18
18
7
0
46
48
48
21
0
0
0
28
30
21
21
25
15
25
25
0
0
0
0
0
0
0
0
0
0
0
0
0
0
0
0
0
0
0
8
8
0
0
8
0
0
38
0
0
0
0
18
96
96
0
0
0
0
0
0
0
0
0
0
0
0
0
0
0
0
0
0
0
0
0
0
0
0
0
0
0
0
0
0
70
70
70
50
50
50
50
50
30
50
50
50
50
50
30
70
70
70
70
30
50
70
0
30
0
0
0
0
0
0
0
0
0
0
0
0
0
0
0
0
0
0
0
0
5
0
15
15
15
50
50
15
60
0
50
0
0
0
0
50
0
0
50
0
0
0
0
0
0
0
0
0
0
0
0
0
0
0
0
0
0
0
0
0
0
0
75
90
90
90
90
0
0
90
90
0
0
0
90
90
0
0
0
50
0
0
50
50
0
0
0
0
0
0
0
0
0
0
0
0
0
0
0
0
0
0
0
0
0
0
0
0
0
40
60
100
30
60
100
0
0
0
0
0
0
0
0
0
0
0
0
0
0
0
0
0
0
0
0
0
0
0
0
0
0
0
0
0
0
0
0
0
0
0
0
0
0
0
0
0
0
0
0
0
0
0
0
0
0
0
0
0
0
0
0
0
0
0
0
0
0
0
0
0
0
0
0
0
0
0
0
0
0
0
0
0
0
0
0
0
0
0
0
0
0
0
0
0
0
0
0
0
0
0
0
0
0
0
0
0
0
0
0
0
0
0
50
50
0
0
0
0
0
0
0
0
0
0
0
0
0
0
0
0
0
0
0
0
0
0
0
0
0
0
0
0
0
0
0
0
0
0
0
0
0
0
0
0
0
0
0
0
0
0
0
0
0
0
0
0
0
0
0
0
0
0
0
0
0
0
0
0
0
0
0
0
0
0
0
0
0
0
0
0
0
0
0
0
0
0
0
0
0
0
0
0
0
0
0
0
0
0
0
0
0
0
0
0
0
0
0
0
0
0
0
0
0
0
0
0
0
0
0
0
0
0
0
0
0
0
0
0
0
0
0
0
0
0
0
0
0
0
0
0
0
0
0
0
0
0
0
0
0
0
0
0
0
0
0
0
0
0
0
0
0
0
0
0
0
0
0
0
0
0
0
0
0
0
0
0
0
0
0
0
0
0
0
0
0
0
0
0
0
0
0
0
0
0
0
0
0
0
0
0
0
0
0
0
0
0
0
0
0
0
0
0
0
0
0
0
0
0
0
0
0
0
0
0
0
0
0
0
0
0
0
0
0
0
0
0
0
0
0
0
0
0
0
0
94
45
29
72
96
94
96
100
100
100
48
48
0
0
0
0
0
0
0
0
0
0
0
0
0
0
0
0
0
0
0
0
0
0
0
0
0
0
0
0
96
96
80
80
80
80
85
85
98
0
0
91
96
100
99
94
94
68
0
0
0
0
0
0
0
0
0
0
0
0
0
0
0
0
0
0
0
0
0
0
0
0
0
0
0
0
0
0
0
0
0
0
0
0
0
0
0
0
0
0
0
0
0
0
0
0
98
100
0
0
0
0
100
100
