96
100
100
100
100
49
49
39
0
92
100
94
96
94
100
100
91
0
92
27
0
0
0
0
0
89
89
84
89
79
79
79
14
0
0
0
0
100
79
83
62
83
62
79
62
62
62
79
40
15
0
0
0
82
94
71
71
69
69
36
38
69
94
69
73
94
88
96
50
50
71
71
96
96
80
28
28
82
91
48
38
88
86
81
57
92
83
34
34
100
55
21
34
34
23
21
21
33
92
34
64
34
34
34
24
24
24
76
49
34
34
34
76
34
34
34
34
34
76
76
34
91
34
66
66
21
34
76
64
76
34
76
14
14
76
91
34
34
34
91
34
66
34
25
30
30
44
44
15
20
32
32
9
17
2
13
13
0
17
24
14
27
46
71
4
4
4
0
0
0
0
48
25
34
17
34
34
34
0
0
0
4
7
32
14
66
0
0
34
23
0
0
0
0
0
0
14
34
34
23
0
0
0
0
0
15
17
17
44
48
0
0
0
0
0
0
0
0
0
0
0
0
0
0
0
0
0
0
0
0
0
0
0
0
0
10
10
0
0
10
0
0
40
0
0
0
0
34
34
34
0
0
0
0
0
0
0
0
0
0
0
0
0
0
0
0
0
0
0
0
0
0
0
0
0
0
0
0
0
0
70
70
70
50
50
50
50
50
30
50
50
50
50
50
30
70
70
70
70
30
50
70
0
30
0
0
0
0
0
0
0
0
0
0
0
0
0
0
0
0
0
0
0
0
5
0
15
15
15
50
50
15
60
0
50
0
0
0
0
50
0
0
50
0
0
0
0
0
0
0
0
0
0
0
0
0
0
0
0
0
0
0
0
0
0
0
93
90
90
90
90
0
0
90
90
0
0
0
90
90
0
0
0
50
0
0
50
50
0
0
0
0
0
0
0
0
0
0
0
0
0
0
0
0
0
0
0
0
0
0
0
0
0
40
60
100
30
60
100
0
0
0
0
0
0
0
0
0
0
0
0
0
0
0
0
0
0
0
0
0
0
0
0
0
0
0
0
0
0
0
0
0
0
0
0
0
0
0
0
0
0
0
0
0
0
0
0
0
0
0
0
0
0
0
0
0
0
0
0
0
0
0
0
0
0
0
0
0
0
0
0
0
0
0
0
0
0
0
0
0
0
0
0
0
0
0
0
0
0
0
0
0
0
0
0
0
0
0
0
0
0
0
0
0
0
0
50
50
0
0
0
0
0
0
0
0
0
0
0
0
0
0
0
0
0
0
0
0
0
0
0
0
0
0
0
0
0
0
0
0
0
0
0
0
0
0
0
0
0
0
0
0
0
0
0
0
0
0
0
0
0
0
0
0
0
0
0
0
0
0
0
0
0
0
0
0
0
0
0
0
0
0
0
0
0
0
0
0
0
0
0
0
0
0
0
0
0
0
0
0
0
0
0
0
0
0
0
0
0
0
0
0
0
0
0
0
0
0
0
0
0
0
0
0
0
0
0
0
0
0
0
0
0
0
0
0
0
0
0
0
0
0
0
0
0
0
0
0
0
0
0
0
0
0
0
0
0
0
0
0
0
0
0
0
0
0
0
0
0
0
0
0
0
0
0
0
0
0
0
0
0
0
0
0
0
0
0
0
0
0
0
0
0
0
0
0
0
0
0
0
0
0
0
0
0
0
0
0
0
0
0
0
0
0
0
0
0
0
0
0
0
0
0
0
0
0
0
0
0
0
0
0
0
0
0
0
0
0
0
0
0
0
0
0
0
0
0
0
40
38
47
90
67
42
100
85
75
100
66
66
0
0
0
0
0
0
0
0
0
0
0
0
0
0
0
0
0
0
0
0
0
0
0
0
0
0
0
0
66
66
78
78
78
78
78
78
92
0
0
84
92
100
67
92
92
86
17
0
0
0
0
0
0
0
0
0
0
0
0
0
0
0
0
0
0
0
0
0
0
0
0
0
0
0
0
0
0
0
0
0
0
0
0
0
0
0
0
0
0
0
0
0
0
0
23
